1 89.5 83.2 0.861 95.1 49.1 89.3 92.5 90.1
2 91.1 85.6 0.879 96.4 59.2 92.3 91.3 88.8
3 89.4 84.3 0.855 95.6 56.6 91.1 90.2 88.0
4 88.5 83.0 0.841 94.7 53.9 91.2 88.4 87.1
5 87.2 81.8 0.823 92.8 52.1 91.1 87.9 85.2
6 87.6 82.6 0.829 92.9 54.3 91.4 88.6 85.5
7 88.1 83.2 0.835 92.7 55.5 91.8 89.8 86.3
8 87.9 82.7 0.833 92.6 52.8 91.9 90.3 85.6
9 86.3 81.2 0.812 92.3 52.2 89.6 90.7 81.0
10 86.1 80.8 0.808 92.4 51.3 89.2 89.9 81.0
11 86.3 81.2 0.81 92.1 52.7 89.7 89.6 81.9
12 84.9 79.9 0.79 88.5 52.6 88.4 88.7 81.1
13 84.8 79.4 0.79 89.1 49.5 88.2 88.9 81.5
14 84.9 79.6 0.791 89.1 49.6 88.3 89.1 81.7
15 85.1 79.7 0.795 89.0 49.2 88.4 89.1 82.8
16 85.5 79.8 0.8 89.9 48.6 88.5 89.3 82.9
17 85.0 79.2 0.794 89.8 47.7 88.1 88.2 82.2
18 84.6 78.6 0.788 89.0 47.5 87.8 87.8 81.1
19 84.3 78.5 0.785 88.7 47.7 87.5 88.1 80.7
20 84.4 78.6 0.786 88.7 47.8 87.8 87.7 81.1
